i = 1;
sam = 1000;